1  0.000502 0.000000 0 0
2  0.000542 1.000000 1 1
3  0.000587 2.664905 2 3
4  0.000633 4.669275 4 5
5  0.000704 7.164915 5 8
6  0.000742 9.833805 7 11
7  0.000798 12.736280 9 14
8  0.000850 15.733475 12 17
9  0.000974 19.169695 13 21
10  0.001054 22.667465 16 25
11  0.001127 26.285095 17 29
12  0.001211 29.950310 21 33
13  0.001292 33.812215 24 37
14  0.001280 37.718590 28 41
15  0.001348 41.691225 32 45
16  0.001391 45.693990 35 49
17  0.001475 50.100260 40 54
18  0.001524 54.537755 42 59
19  0.001629 59.018405 46 64
20  0.001675 63.519680 51 69
