1  0.000528 0.000000 0 0
2  0.000542 1.000000 1 1
3  0.000565 2.666375 2 3
4  0.000601 4.832625 4 6
5  0.000629 7.400060 6 10
6  0.000665 10.309245 8 15
7  0.000706 13.476045 10 21
8  0.000760 16.913705 13 28
9  0.000817 20.582085 16 36
10  0.000857 24.440860 19 45
11  0.000905 28.478420 22 55
12  0.000956 32.675455 25 64
13  0.001004 37.032520 28 78
14  0.001055 41.534415 31 87
15  0.001106 46.160065 34 100
16  0.001176 50.960490 38 105
17  0.001224 55.842275 42 114
18  0.001281 60.844365 46 120
19  0.001342 65.894275 50 131
20  0.001399 71.103600 54 139
