1  0.000530 0.000000 0 0
2  0.000525 1.000000 1 1
3  0.000545 2.667735 2 3
4  0.000581 4.835345 4 6
5  0.000613 7.397730 6 10
6  0.000647 10.298550 8 15
7  0.000701 13.497840 10 21
8  0.000781 16.919060 13 28
9  0.000811 20.575080 16 36
10  0.000856 24.429345 19 45
11  0.000901 28.469630 22 55
12  0.000983 32.667175 25 65
13  0.000997 37.047290 28 76
14  0.001048 41.542660 31 83
15  0.001099 46.187510 35 96
16  0.001145 50.948035 38 99
17  0.001193 55.812740 42 122
18  0.001248 60.822200 46 115
19  0.001305 65.899730 50 141
20  0.001361 71.106365 54 145
